17 69969 69937 69905 69969 69905 69905 69937 69905 69969 69905 69905 69905 69937 69905 69969 69905 69937 69905 69969 69905 69937 69905 69969 69905 69905 69905 69937 69937 69904 69904 0
70417 0 0 345153 0 0 0 0 344897 0 0 0 0 0 279617 70018 70018 70018 279617 0 0 0 344897 0 0 0 0 0 345409 0 0 0
69905 0 0 210241 344881 0 0 0 214337 0 344897 0 0 0 0 0 0 0 0 0 0 0 214337 0 344897 0 0 0 210241 344881 0 0
69905 0 0 0 279873 0 0 0 0 0 214337 0 0 0 279361 70018 0 70018 345153 0 0 0 0 0 214337 0 0 0 0 278849 0 0
69905 0 0 344913 202065 275473 267313 332561 267345 283665 202033 340753 267345 283665 218417 70018 0 70018 210257 275473 267313 332561 267345 283665 202033 340753 267345 267281 283697 86321 0 0
70929 0 0 82753 0 0 0 279617 0 0 0 279761 70018 70018 130 0 0 0 70018 70018 70018 279761 0 0 0 279617 0 0 0 344385 0 0
69904 0 0 82241 0 0 0 0 0 0 0 0 0 0 0 0 0 0 0 0 0 0 0 0 0 0 0 0 0 82241 0 0
70417 0 0 83265 0 0 0 279617 0 0 0 316481 70018 114 114 0 0 0 70018 70018 114 316481 0 0 0 279617 0 0 0 213313 0 0
69905 0 0 78161 279617 0 279617 69905 279617 0 279617 69905 275537 267313 348977 70018 0 70018 340817 267345 283697 69905 279617 0 279617 69905 279617 0 279617 86321 0 0
69905 0 0 82753 0 0 0 279617 0 0 0 344897 0 0 344385 70018 0 70018 82753 0 0 344897 0 0 0 279617 0 0 0 344385 0 0
69905 0 0 82241 0 0 0 0 0 0 0 82241 0 0 83265 70018 0 70018 213313 0 0 82241 0 0 0 0 0 0 0 82241 0 332049
69905 0 0 83265 0 0 0 279617 0 0 0 213313 0 0 210241 344881 69904 344913 218433 0 0 83265 0 0 0 279617 0 0 0 213313 0 69905
69905 0 0 210257 275473 267281 283665 202001 275473 267281 283665 218417 0 0 0 344385 0 82753 0 0 0 210257 275473 267281 283665 202001 275473 267281 283665 218417 0 69905
69905 0 0 0 0 0 0 0 0 0 0 0 0 0 0 82241 166 82241 0 0 0 0 0 0 0 0 0 0 0 0 0 69905
69905 0 0 0 0 0 0 0 0 0 0 0 0 0 0 213313 0 83265 0 0 0 0 0 0 0 0 0 0 0 0 0 69905
69905 0 0 0 0 0 0 0 0 0 0 0 0 0 344913 218433 1163942 210241 344881 0 0 0 0 0 0 0 0 0 69904 70018 0 69905
69905 0 0 0 0 0 0 0 0 0 0 0 0 0 82753 69890 0 69890 344385 0 0 0 0 0 0 0 0 0 0 279617 0 69905
69905 0 0 0 0 0 0 0 0 0 0 0 0 0 82241 69890 0 69890 82241 0 0 0 0 0 0 0 0 0 0 0 0 69905
69905 0 0 0 0 0 0 0 0 0 0 0 0 0 82241 69890 0 69890 82241 0 0 0 0 0 0 0 0 279617 0 0 0 69905
69905 0 0 0 0 0 0 0 0 0 0 0 0 0 83265 69890 0 69890 213313 0 0 0 0 0 279617 0 0 0 0 0 0 69905
69905 0 0 0 0 0 0 0 0 0 0 0 69906 0 210257 279569 292049 279569 218417 0 0 0 0 0 0 0 0 279617 0 0 0 69905
69905 0 0 0 0 0 0 0 0 0 69906 0 0 0 0 0 0 0 0 0 0 0 0 0 0 0 0 0 0 0 0 69905
69905 0 0 0 0 0 0 0 0 0 0 0 0 0 0 0 0 0 0 0 0 0 0 0 0 0 0 0 0 0 0 69905
69905 0 0 0 0 0 0 0 0 0 0 0 0 0 0 0 0 0 0 0 0 69905 0 0 0 0 0 0 0 0 0 69905
69905 0 0 0 0 0 0 0 0 0 0 0 0 69905 0 0 0 0 0 0 0 0 0 69905 0 0 0 0 0 0 0 69905
69905 0 0 0 0 0 0 0 0 0 0 0 0 0 0 0 0 0 0 0 0 0 0 0 0 0 0 0 0 0 0 69905
69905 0 0 0 0 0 0 0 0 0 0 69905 0 69905 69905 69905 0 69905 0 69905 69905 69905 69905 69905 0 0 0 0 0 0 0 69905
69905 0 0 0 0 0 0 0 0 0 69905 0 69905 69905 69905 0 69905 69905 69905 69905 0 69905 69905 0 0 0 0 0 0 0 0 69905
69905 0 0 0 0 0 0 0 0 0 0 0 0 0 0 0 0 0 0 0 0 0 0 0 0 0 0 0 0 0 0 69905
69905 0 0 0 0 0 0 0 0 0 0 0 0 0 0 0 0 0 0 0 0 0 0 0 0 0 0 0 0 0 0 69905
70929 0 0 0 0 0 0 0 0 0 0 0 0 0 0 0 0 0 0 0 0 0 0 0 0 0 0 0 0 0 0 200977
17 78097 69905 69905 69905 69905 69905 69905 69905 69905 69905 69905 69905 69905 69905 69905 69905 69905 69905 69905 69905 69905 69905 69905 69905 69905 69905 69905 69905 69905 86289 17